cffa edfe 0700 0001 0300 0080 0200 0000
1000 0000 a805 0000 8500 2000 0000 0000
1900 0000 4800 0000 5f5f 5041 4745 5a45
524f 0000 0000 0000 0000 0000 0000 0000
0000 0000 0100 0000 0000 0000 0000 0000
0000 0000 0000 0000 0000 0000 0000 0000
0000 0000 0000 0000 1900 0000 7802 0000
5f5f 5445 5854 0000 0000 0000 0000 0000
0000 0000 0100 0000 0010 0000 0000 0000
0000 0000 0000 0000 0010 0000 0000 0000
0700 0000 0500 0000 0700 0000 0000 0000
5f5f 7465 7874 0000 0000 0000 0000 0000
5f5f 5445 5854 0000 0000 0000 0000 0000
b00a 0000 0100 0000 2702 0000 0000 0000
b00a 0000 0400 0000 0000 0000 0000 0000
0004 0080 0000 0000 0000 0000 0000 0000
5f5f 7374 7562 7300 0000 0000 0000 0000
5f5f 5445 5854 0000 0000 0000 0000 0000
d80c 0000 0100 0000 8400 0000 0000 0000
d80c 0000 0100 0000 0000 0000 0000 0000
0804 0080 0000 0000 0600 0000 0000 0000
5f5f 7374 7562 5f68 656c 7065 7200 0000
5f5f 5445 5854 0000 0000 0000 0000 0000
5c0d 0000 0100 0000 ec00 0000 0000 0000
5c0d 0000 0200 0000 0000 0000 0000 0000
0004 0080 0000 0000 0000 0000 0000 0000
5f5f 636f 6e73 7400 0000 0000 0000 0000
5f5f 5445 5854 0000 0000 0000 0000 0000
500e 0000 0100 0000 2000 0000 0000 0000
500e 0000 0400 0000 0000 0000 0000 0000
0000 0000 0000 0000 0000 0000 0000 0000
5f5f 6373 7472 696e 6700 0000 0000 0000
5f5f 5445 5854 0000 0000 0000 0000 0000
700e 0000 0100 0000 1f01 0000 0000 0000
700e 0000 0400 0000 0000 0000 0000 0000
0200 0000 0000 0000 0000 0000 0000 0000
5f5f 756e 7769 6e64 5f69 6e66 6f00 0000
5f5f 5445 5854 0000 0000 0000 0000 0000
900f 0000 0100 0000 5000 0000 0000 0000
900f 0000 0200 0000 0000 0000 0000 0000
0000 0000 0000 0000 0000 0000 0000 0000
5f5f 6568 5f66 7261 6d65 0000 0000 0000
5f5f 5445 5854 0000 0000 0000 0000 0000
e00f 0000 0100 0000 1800 0000 0000 0000
e00f 0000 0300 0000 0000 0000 0000 0000
0000 0000 0000 0000 0000 0000 0000 0000
1900 0000 e800 0000 5f5f 4441 5441 0000
0000 0000 0000 0000 0010 0000 0100 0000
0010 0000 0000 0000 0010 0000 0000 0000
0010 0000 0000 0000 0700 0000 0300 0000
0200 0000 0000 0000 5f5f 6e6c 5f73 796d
626f 6c5f 7074 7200 5f5f 4441 5441 0000
0000 0000 0000 0000 0010 0000 0100 0000
1000 0000 0000 0000 0010 0000 0300 0000
0000 0000 0000 0000 0600 0000 1600 0000
0000 0000 0000 0000 5f5f 6c61 5f73 796d
626f 6c5f 7074 7200 5f5f 4441 5441 0000
0000 0000 0000 0000 1010 0000 0100 0000
b000 0000 0000 0000 1010 0000 0300 0000
0000 0000 0000 0000 0700 0000 1800 0000
0000 0000 0000 0000 1900 0000 4800 0000
5f5f 4c49 4e4b 4544 4954 0000 0000 0000
0020 0000 0100 0000 0010 0000 0000 0000
0020 0000 0000 0000 6007 0000 0000 0000
0700 0000 0100 0000 0000 0000 0000 0000
2200 0080 3000 0000 0020 0000 0800 0000
0820 0000 1800 0000 0000 0000 0000 0000
2020 0000 7802 0000 9822 0000 4000 0000
0200 0000 1800 0000 e022 0000 1a00 0000
3825 0000 2802 0000 0b00 0000 5000 0000
0000 0000 0000 0000 0000 0000 0300 0000
0300 0000 1700 0000 0000 0000 0000 0000
0000 0000 0000 0000 0000 0000 0000 0000
8024 0000 2e00 0000 0000 0000 0000 0000
0000 0000 0000 0000 0e00 0000 2000 0000
0c00 0000 2f75 7372 2f6c 6962 2f64 796c
6400 0000 0000 0000 1b00 0000 1800 0000
dc0c 0f94 31e3 3077 92ec 3160 07f7 f252
2400 0000 1000 0000 000b 0a00 000b 0a00
2a00 0000 1000 0000 0000 0000 0000 0000
2800 0080 1800 0000 f00a 0000 0000 0000
0000 0000 0000 0000 0c00 0000 5800 0000
1800 0000 0200 0000 0002 0200 0000 0200
2f55 7365 7273 2f64 6176 6964 616e 7468
6f6e 7964 6173 696c 7661 2f44 6573 6b74
6f70 2f66 616e 6e2f 7372 632f 6c69 6266
616e 6e2e 322e 6479 6c69 6200 0000 0000
0c00 0000 3800 0000 1800 0000 0200 0000
010a ca04 0000 0100 2f75 7372 2f6c 6962
2f6c 6962 5379 7374 656d 2e42 2e64 796c
6962 0000 0000 0000 2600 0000 1000 0000
d822 0000 0800 0000 2900 0000 1000 0000
e022 0000 0000 0000 0000 0000 0000 0000
0000 0000 0000 0000 0000 0000 0000 0000
0000 0000 0000 0000 0000 0000 0000 0000
0000 0000 0000 0000 0000 0000 0000 0000
0000 0000 0000 0000 0000 0000 0000 0000
0000 0000 0000 0000 0000 0000 0000 0000
0000 0000 0000 0000 0000 0000 0000 0000
0000 0000 0000 0000 0000 0000 0000 0000
0000 0000 0000 0000 0000 0000 0000 0000
0000 0000 0000 0000 0000 0000 0000 0000
0000 0000 0000 0000 0000 0000 0000 0000
0000 0000 0000 0000 0000 0000 0000 0000
0000 0000 0000 0000 0000 0000 0000 0000
0000 0000 0000 0000 0000 0000 0000 0000
0000 0000 0000 0000 0000 0000 0000 0000
0000 0000 0000 0000 0000 0000 0000 0000
0000 0000 0000 0000 0000 0000 0000 0000
0000 0000 0000 0000 0000 0000 0000 0000
0000 0000 0000 0000 0000 0000 0000 0000
0000 0000 0000 0000 0000 0000 0000 0000
0000 0000 0000 0000 0000 0000 0000 0000
0000 0000 0000 0000 0000 0000 0000 0000
0000 0000 0000 0000 0000 0000 0000 0000
0000 0000 0000 0000 0000 0000 0000 0000
0000 0000 0000 0000 0000 0000 0000 0000
0000 0000 0000 0000 0000 0000 0000 0000
0000 0000 0000 0000 0000 0000 0000 0000
0000 0000 0000 0000 0000 0000 0000 0000
0000 0000 0000 0000 0000 0000 0000 0000
0000 0000 0000 0000 0000 0000 0000 0000
0000 0000 0000 0000 0000 0000 0000 0000
0000 0000 0000 0000 0000 0000 0000 0000
0000 0000 0000 0000 0000 0000 0000 0000
0000 0000 0000 0000 0000 0000 0000 0000
0000 0000 0000 0000 0000 0000 0000 0000
0000 0000 0000 0000 0000 0000 0000 0000
0000 0000 0000 0000 0000 0000 0000 0000
0000 0000 0000 0000 0000 0000 0000 0000
0000 0000 0000 0000 0000 0000 0000 0000
0000 0000 0000 0000 0000 0000 0000 0000
0000 0000 0000 0000 0000 0000 0000 0000
0000 0000 0000 0000 0000 0000 0000 0000
0000 0000 0000 0000 0000 0000 0000 0000
0000 0000 0000 0000 0000 0000 0000 0000
0000 0000 0000 0000 0000 0000 0000 0000
0000 0000 0000 0000 0000 0000 0000 0000
0000 0000 0000 0000 0000 0000 0000 0000
0000 0000 0000 0000 0000 0000 0000 0000
0000 0000 0000 0000 0000 0000 0000 0000
0000 0000 0000 0000 0000 0000 0000 0000
0000 0000 0000 0000 0000 0000 0000 0000
0000 0000 0000 0000 0000 0000 0000 0000
0000 0000 0000 0000 0000 0000 0000 0000
0000 0000 0000 0000 0000 0000 0000 0000
0000 0000 0000 0000 0000 0000 0000 0000
0000 0000 0000 0000 0000 0000 0000 0000
0000 0000 0000 0000 0000 0000 0000 0000
0000 0000 0000 0000 0000 0000 0000 0000
0000 0000 0000 0000 0000 0000 0000 0000
0000 0000 0000 0000 0000 0000 0000 0000
0000 0000 0000 0000 0000 0000 0000 0000
0000 0000 0000 0000 0000 0000 0000 0000
0000 0000 0000 0000 0000 0000 0000 0000
0000 0000 0000 0000 0000 0000 0000 0000
0000 0000 0000 0000 0000 0000 0000 0000
0000 0000 0000 0000 0000 0000 0000 0000
0000 0000 0000 0000 0000 0000 0000 0000
0000 0000 0000 0000 0000 0000 0000 0000
0000 0000 0000 0000 0000 0000 0000 0000
0000 0000 0000 0000 0000 0000 0000 0000
0000 0000 0000 0000 0000 0000 0000 0000
0000 0000 0000 0000 0000 0000 0000 0000
0000 0000 0000 0000 0000 0000 0000 0000
0000 0000 0000 0000 0000 0000 0000 0000
0000 0000 0000 0000 0000 0000 0000 0000
0000 0000 0000 0000 0000 0000 0000 0000
0000 0000 0000 0000 0000 0000 0000 0000
0000 0000 0000 0000 0000 0000 0000 0000
0000 0000 0000 0000 0000 0000 0000 0000
5548 89e5 5350 4489 c3f3 0f11 45f4 e827
0200 00f3 0f5a c0f3 0f10 4df4 f30f 5ac9
488d 3d99 0300 00b0 0289 dee8 7002 0000
31c0 4883 c408 5b5d c30f 1f80 0000 0000
5548 89e5 4157 4156 4154 5348 8d3d 3e04
0000 e84f 0200 00bf 0300 0000 be02 0000
00ba 0300 0000 b901 0000 0031 c0e8 b601
0000 4989 c648 8d3d 7203 0000 e8cb 0100
0049 89c4 f30f 1005 1403 0000 4c89 f7e8
e201 0000 4c89 f7f3 0f10 0501 0300 00e8
d801 0000 be05 0000 004c 89f7 e8b9 0100
00be 0500 0000 4c89 f7e8 b201 0000 be01
0000 004c 89f7 e8bd 0100 00f3 0f10 05d1
0200 004c 89f7 e8a7 0100 00be 0200 0000
4c89 f7e8 a601 0000 4c89 f74c 89e6 e84d
0100 0048 8d3d b603 0000 e8a7 0100 00ba
e803 0000 b90a 0000 000f 57c0 4c89 f74c
89e6 e883 0100 004c 89f7 4c89 e6e8 7201
0000 f30f 5ac0 488d 3dd0 0200 00b0 01e8
6c01 0000 4c89 e7e8 0a01 0000 85c0 0f84
8100 0000 31db 4c8d 3dc5 0200 000f 1f00
498b 4424 2848 8b34 d84c 89f7 e8f1 0000
0049 8b4c 2428 498b 5424 3048 8b0c d9f3
0f10 01f3 0f10 4904 f30f 5ac0 f30f 5ac9
f30f 1020 f30f 5ad4 488b 04da f30f 1028
f30f 5add f30f 5ce5 0f2e 2509 0200 0077
070f 5725 0802 0000 f30f 5ae4 b005 4c89
ffe8 ea00 0000 4c89 e7e8 8800 0000 48ff
c339 c372 8b48 8d3d f602 0000 e8d5 0000
0048 8d35 6f02 0000 4c89 f7e8 7800 0000
488d 3574 0200 004c 89f7 e86f 0000 0048
8d35 7802 0000 4c89 e789 c2e8 6400 0000
488d 3dcb 0200 00e8 9a00 0000 4c89 e7e8
2000 0000 4c89 f7e8 1200 0000 31c0 5b41
5c41 5e41 5f5d c390 ff25 3203 0000 ff25
3403 0000 ff25 3603 0000 ff25 3803 0000
ff25 3a03 0000 ff25 3c03 0000 ff25 3e03
0000 ff25 4003 0000 ff25 4203 0000 ff25
4403 0000 ff25 4603 0000 ff25 4803 0000
ff25 4a03 0000 ff25 4c03 0000 ff25 4e03
0000 ff25 5003 0000 ff25 5203 0000 ff25
5403 0000 ff25 5603 0000 ff25 5803 0000
ff25 5a03 0000 ff25 5c03 0000 4c8d 1da5
0200 0041 53ff 2595 0200 0090 6800 0000
00e9 e6ff ffff 681c 0000 00e9 dcff ffff
6830 0000 00e9 d2ff ffff 684a 0000 00e9
c8ff ffff 685e 0000 00e9 beff ffff 6877
0000 00e9 b4ff ffff 6895 0000 00e9 aaff
ffff 68b6 0000 00e9 a0ff ffff 68c6 0000
00e9 96ff ffff 68d7 0000 00e9 8cff ffff
68f1 0000 00e9 82ff ffff 6811 0100 00e9
78ff ffff 683c 0100 00e9 6eff ffff 6867
0100 00e9 64ff ffff 6893 0100 00e9 5aff
ffff 68c0 0100 00e9 50ff ffff 68e0 0100
00e9 46ff ffff 6805 0200 00e9 3cff ffff
6829 0200 00e9 32ff ffff 6840 0200 00e9
28ff ffff 685b 0200 00e9 1eff ffff 686a
0200 00e9 14ff ffff 0000 0000 0000 0000
0000 803f 0ad7 233c 0000 0000 0000 0000
0000 0080 0000 0080 0000 0080 0000 0080
4570 6f63 6873 2020 2020 2025 3864 2e20
4d53 453a 2025 2e35 662e 2044 6573 6972
6564 2d4d 5345 3a20 252e 3566 0a00 7365
6c65 6374 696f 6e2e 6461 7461 0054 6573
7469 6e67 206e 6574 776f 726b 2e20 2566
0a00 584f 5220 7465 7374 2028 2566 2c25
6629 202d 3e20 2566 2c20 7368 6f75 6c64
2062 6520 2566 2c20 6469 6666 6572 656e
6365 3d25 660a 0077 6562 5f63 6f6d 705f
636f 6e66 6967 2e6e 6574 0077 6562 5f63
6f6d 705f 6669 7865 642e 6e65 7400 7765
625f 636f 6d70 5f66 6978 6564 2e64 6174
6100 0000 0000 0000 0000 0000 0000 0000
4372 6561 7469 6e67 206e 6574 776f 726b
2e00 0000 0000 0000 0000 0000 0000 0000
5472 6169 6e69 6e67 206e 6574 776f 726b
2e00 5361 7669 6e67 206e 6574 776f 726b
2e00 436c 6561 6e69 6e67 2075 702e 0000
0100 0000 1c00 0000 0000 0000 1c00 0000
0000 0000 1c00 0000 0200 0000 b00a 0000
3400 0000 3400 0000 d80c 0000 0000 0000
3400 0000 0300 0000 0c00 0200 1400 0200
0000 0001 4000 0000 110b 0401 0100 0101
1400 0000 0000 0000 037a 5200 0178 1001
100c 0708 9001 0000 0000 0000 0000 0000
0000 0000 0000 0000 0000 0000 0000 0000
6c0d 0000 0100 0000 760d 0000 0100 0000
800d 0000 0100 0000 8a0d 0000 0100 0000
940d 0000 0100 0000 9e0d 0000 0100 0000
a80d 0000 0100 0000 b20d 0000 0100 0000
bc0d 0000 0100 0000 c60d 0000 0100 0000
d00d 0000 0100 0000 da0d 0000 0100 0000
e40d 0000 0100 0000 ee0d 0000 0100 0000
f80d 0000 0100 0000 020e 0000 0100 0000
0c0e 0000 0100 0000 160e 0000 0100 0000
200e 0000 0100 0000 2a0e 0000 0100 0000
340e 0000 0100 0000 3e0e 0000 0100 0000
0000 0000 0000 0000 0000 0000 0000 0000
0000 0000 0000 0000 0000 0000 0000 0000
0000 0000 0000 0000 0000 0000 0000 0000
0000 0000 0000 0000 0000 0000 0000 0000
0000 0000 0000 0000 0000 0000 0000 0000
0000 0000 0000 0000 0000 0000 0000 0000
0000 0000 0000 0000 0000 0000 0000 0000
0000 0000 0000 0000 0000 0000 0000 0000
0000 0000 0000 0000 0000 0000 0000 0000
0000 0000 0000 0000 0000 0000 0000 0000
0000 0000 0000 0000 0000 0000 0000 0000
0000 0000 0000 0000 0000 0000 0000 0000
0000 0000 0000 0000 0000 0000 0000 0000
0000 0000 0000 0000 0000 0000 0000 0000
0000 0000 0000 0000 0000 0000 0000 0000
0000 0000 0000 0000 0000 0000 0000 0000
0000 0000 0000 0000 0000 0000 0000 0000
0000 0000 0000 0000 0000 0000 0000 0000
0000 0000 0000 0000 0000 0000 0000 0000
0000 0000 0000 0000 0000 0000 0000 0000
0000 0000 0000 0000 0000 0000 0000 0000
0000 0000 0000 0000 0000 0000 0000 0000
0000 0000 0000 0000 0000 0000 0000 0000
0000 0000 0000 0000 0000 0000 0000 0000
0000 0000 0000 0000 0000 0000 0000 0000
0000 0000 0000 0000 0000 0000 0000 0000
0000 0000 0000 0000 0000 0000 0000 0000
0000 0000 0000 0000 0000 0000 0000 0000
0000 0000 0000 0000 0000 0000 0000 0000
0000 0000 0000 0000 0000 0000 0000 0000
0000 0000 0000 0000 0000 0000 0000 0000
0000 0000 0000 0000 0000 0000 0000 0000
0000 0000 0000 0000 0000 0000 0000 0000
0000 0000 0000 0000 0000 0000 0000 0000
0000 0000 0000 0000 0000 0000 0000 0000
0000 0000 0000 0000 0000 0000 0000 0000
0000 0000 0000 0000 0000 0000 0000 0000
0000 0000 0000 0000 0000 0000 0000 0000
0000 0000 0000 0000 0000 0000 0000 0000
0000 0000 0000 0000 0000 0000 0000 0000
0000 0000 0000 0000 0000 0000 0000 0000
0000 0000 0000 0000 0000 0000 0000 0000
0000 0000 0000 0000 0000 0000 0000 0000
0000 0000 0000 0000 0000 0000 0000 0000
0000 0000 0000 0000 0000 0000 0000 0000
0000 0000 0000 0000 0000 0000 0000 0000
0000 0000 0000 0000 0000 0000 0000 0000
0000 0000 0000 0000 0000 0000 0000 0000
0000 0000 0000 0000 0000 0000 0000 0000
0000 0000 0000 0000 0000 0000 0000 0000
0000 0000 0000 0000 0000 0000 0000 0000
0000 0000 0000 0000 0000 0000 0000 0000
0000 0000 0000 0000 0000 0000 0000 0000
0000 0000 0000 0000 0000 0000 0000 0000
0000 0000 0000 0000 0000 0000 0000 0000
0000 0000 0000 0000 0000 0000 0000 0000
0000 0000 0000 0000 0000 0000 0000 0000
0000 0000 0000 0000 0000 0000 0000 0000
0000 0000 0000 0000 0000 0000 0000 0000
0000 0000 0000 0000 0000 0000 0000 0000
0000 0000 0000 0000 0000 0000 0000 0000
0000 0000 0000 0000 0000 0000 0000 0000
0000 0000 0000 0000 0000 0000 0000 0000
0000 0000 0000 0000 0000 0000 0000 0000
0000 0000 0000 0000 0000 0000 0000 0000
0000 0000 0000 0000 0000 0000 0000 0000
0000 0000 0000 0000 0000 0000 0000 0000
0000 0000 0000 0000 0000 0000 0000 0000
0000 0000 0000 0000 0000 0000 0000 0000
0000 0000 0000 0000 0000 0000 0000 0000
0000 0000 0000 0000 0000 0000 0000 0000
0000 0000 0000 0000 0000 0000 0000 0000
0000 0000 0000 0000 0000 0000 0000 0000
0000 0000 0000 0000 0000 0000 0000 0000
0000 0000 0000 0000 0000 0000 0000 0000
0000 0000 0000 0000 0000 0000 0000 0000
0000 0000 0000 0000 0000 0000 0000 0000
0000 0000 0000 0000 0000 0000 0000 0000
0000 0000 0000 0000 0000 0000 0000 0000
0000 0000 0000 0000 0000 0000 0000 0000
0000 0000 0000 0000 0000 0000 0000 0000
0000 0000 0000 0000 0000 0000 0000 0000
0000 0000 0000 0000 0000 0000 0000 0000
0000 0000 0000 0000 0000 0000 0000 0000
0000 0000 0000 0000 0000 0000 0000 0000
0000 0000 0000 0000 0000 0000 0000 0000
0000 0000 0000 0000 0000 0000 0000 0000
0000 0000 0000 0000 0000 0000 0000 0000
0000 0000 0000 0000 0000 0000 0000 0000
0000 0000 0000 0000 0000 0000 0000 0000
0000 0000 0000 0000 0000 0000 0000 0000
0000 0000 0000 0000 0000 0000 0000 0000
0000 0000 0000 0000 0000 0000 0000 0000
0000 0000 0000 0000 0000 0000 0000 0000
0000 0000 0000 0000 0000 0000 0000 0000
0000 0000 0000 0000 0000 0000 0000 0000
0000 0000 0000 0000 0000 0000 0000 0000
0000 0000 0000 0000 0000 0000 0000 0000
0000 0000 0000 0000 0000 0000 0000 0000
0000 0000 0000 0000 0000 0000 0000 0000
0000 0000 0000 0000 0000 0000 0000 0000
0000 0000 0000 0000 0000 0000 0000 0000
0000 0000 0000 0000 0000 0000 0000 0000
0000 0000 0000 0000 0000 0000 0000 0000
0000 0000 0000 0000 0000 0000 0000 0000
0000 0000 0000 0000 0000 0000 0000 0000
0000 0000 0000 0000 0000 0000 0000 0000
0000 0000 0000 0000 0000 0000 0000 0000
0000 0000 0000 0000 0000 0000 0000 0000
0000 0000 0000 0000 0000 0000 0000 0000
0000 0000 0000 0000 0000 0000 0000 0000
0000 0000 0000 0000 0000 0000 0000 0000
0000 0000 0000 0000 0000 0000 0000 0000
0000 0000 0000 0000 0000 0000 0000 0000
0000 0000 0000 0000 0000 0000 0000 0000
0000 0000 0000 0000 0000 0000 0000 0000
0000 0000 0000 0000 0000 0000 0000 0000
0000 0000 0000 0000 0000 0000 0000 0000
0000 0000 0000 0000 0000 0000 0000 0000
0000 0000 0000 0000 0000 0000 0000 0000
0000 0000 0000 0000 0000 0000 0000 0000
0000 0000 0000 0000 0000 0000 0000 0000
0000 0000 0000 0000 0000 0000 0000 0000
0000 0000 0000 0000 0000 0000 0000 0000
0000 0000 0000 0000 0000 0000 0000 0000
0000 0000 0000 0000 0000 0000 0000 0000
0000 0000 0000 0000 0000 0000 0000 0000
0000 0000 0000 0000 0000 0000 0000 0000
0000 0000 0000 0000 0000 0000 0000 0000
0000 0000 0000 0000 0000 0000 0000 0000
0000 0000 0000 0000 0000 0000 0000 0000
0000 0000 0000 0000 0000 0000 0000 0000
0000 0000 0000 0000 0000 0000 0000 0000
0000 0000 0000 0000 0000 0000 0000 0000
0000 0000 0000 0000 0000 0000 0000 0000
0000 0000 0000 0000 0000 0000 0000 0000
0000 0000 0000 0000 0000 0000 0000 0000
0000 0000 0000 0000 0000 0000 0000 0000
0000 0000 0000 0000 0000 0000 0000 0000
0000 0000 0000 0000 0000 0000 0000 0000
0000 0000 0000 0000 0000 0000 0000 0000
0000 0000 0000 0000 0000 0000 0000 0000
0000 0000 0000 0000 0000 0000 0000 0000
0000 0000 0000 0000 0000 0000 0000 0000
0000 0000 0000 0000 0000 0000 0000 0000
0000 0000 0000 0000 0000 0000 0000 0000
0000 0000 0000 0000 0000 0000 0000 0000
0000 0000 0000 0000 0000 0000 0000 0000
0000 0000 0000 0000 0000 0000 0000 0000
0000 0000 0000 0000 0000 0000 0000 0000
0000 0000 0000 0000 0000 0000 0000 0000
0000 0000 0000 0000 0000 0000 0000 0000
0000 0000 0000 0000 0000 0000 0000 0000
0000 0000 0000 0000 0000 0000 0000 0000
0000 0000 0000 0000 0000 0000 0000 0000
0000 0000 0000 0000 0000 0000 0000 0000
0000 0000 0000 0000 0000 0000 0000 0000
0000 0000 0000 0000 0000 0000 0000 0000
0000 0000 0000 0000 0000 0000 0000 0000
0000 0000 0000 0000 0000 0000 0000 0000
0000 0000 0000 0000 0000 0000 0000 0000
0000 0000 0000 0000 0000 0000 0000 0000
0000 0000 0000 0000 0000 0000 0000 0000
0000 0000 0000 0000 0000 0000 0000 0000
0000 0000 0000 0000 0000 0000 0000 0000
0000 0000 0000 0000 0000 0000 0000 0000
0000 0000 0000 0000 0000 0000 0000 0000
0000 0000 0000 0000 0000 0000 0000 0000
0000 0000 0000 0000 0000 0000 0000 0000
0000 0000 0000 0000 0000 0000 0000 0000
0000 0000 0000 0000 0000 0000 0000 0000
0000 0000 0000 0000 0000 0000 0000 0000
0000 0000 0000 0000 0000 0000 0000 0000
0000 0000 0000 0000 0000 0000 0000 0000
0000 0000 0000 0000 0000 0000 0000 0000
0000 0000 0000 0000 0000 0000 0000 0000
0000 0000 0000 0000 0000 0000 0000 0000
0000 0000 0000 0000 0000 0000 0000 0000
0000 0000 0000 0000 0000 0000 0000 0000
0000 0000 0000 0000 0000 0000 0000 0000
0000 0000 0000 0000 0000 0000 0000 0000
0000 0000 0000 0000 0000 0000 0000 0000
0000 0000 0000 0000 0000 0000 0000 0000
0000 0000 0000 0000 0000 0000 0000 0000
0000 0000 0000 0000 0000 0000 0000 0000
0000 0000 0000 0000 0000 0000 0000 0000
0000 0000 0000 0000 0000 0000 0000 0000
0000 0000 0000 0000 0000 0000 0000 0000
0000 0000 0000 0000 0000 0000 0000 0000
0000 0000 0000 0000 0000 0000 0000 0000
0000 0000 0000 0000 0000 0000 0000 0000
0000 0000 0000 0000 0000 0000 0000 0000
0000 0000 0000 0000 0000 0000 0000 0000
0000 0000 0000 0000 0000 0000 0000 0000
0000 0000 0000 0000 0000 0000 0000 0000
0000 0000 0000 0000 0000 0000 0000 0000
0000 0000 0000 0000 0000 0000 0000 0000
0000 0000 0000 0000 0000 0000 0000 0000
0000 0000 0000 0000 0000 0000 0000 0000
0000 0000 0000 0000 0000 0000 0000 0000
0000 0000 0000 0000 0000 0000 0000 0000
0000 0000 0000 0000 0000 0000 0000 0000
0000 0000 0000 0000 0000 0000 0000 0000
0000 0000 0000 0000 0000 0000 0000 0000
0000 0000 0000 0000 0000 0000 0000 0000
0000 0000 0000 0000 0000 0000 0000 0000
0000 0000 0000 0000 0000 0000 0000 0000
0000 0000 0000 0000 0000 0000 0000 0000
0000 0000 0000 0000 0000 0000 0000 0000
0000 0000 0000 0000 0000 0000 0000 0000
0000 0000 0000 0000 0000 0000 0000 0000
0000 0000 0000 0000 0000 0000 0000 0000
0000 0000 0000 0000 0000 0000 0000 0000
0000 0000 0000 0000 0000 0000 0000 0000
0000 0000 0000 0000 0000 0000 0000 0000
0000 0000 0000 0000 0000 0000 0000 0000
0000 0000 0000 0000 0000 0000 0000 0000
0000 0000 0000 0000 0000 0000 0000 0000
0000 0000 0000 0000 0000 0000 0000 0000
0000 0000 0000 0000 0000 0000 0000 0000
0000 0000 0000 0000 0000 0000 0000 0000
0000 0000 0000 0000 0000 0000 0000 0000
0000 0000 0000 0000 0000 0000 0000 0000
0000 0000 0000 0000 0000 0000 0000 0000
0000 0000 0000 0000 0000 0000 0000 0000
0000 0000 0000 0000 0000 0000 0000 0000
0000 0000 0000 0000 0000 0000 0000 0000
0000 0000 0000 0000 0000 0000 0000 0000
0000 0000 0000 0000 0000 0000 0000 0000
0000 0000 0000 0000 0000 0000 0000 0000
0000 0000 0000 0000 0000 0000 0000 0000
0000 0000 0000 0000 0000 0000 0000 0000
0000 0000 0000 0000 0000 0000 0000 0000
0000 0000 0000 0000 0000 0000 0000 0000
0000 0000 0000 0000 0000 0000 0000 0000
0000 0000 0000 0000 0000 0000 0000 0000
0000 0000 0000 0000 0000 0000 0000 0000
0000 0000 0000 0000 0000 0000 0000 0000
0000 0000 0000 0000 0000 0000 0000 0000
0000 0000 0000 0000 0000 0000 0000 0000
0000 0000 0000 0000 0000 0000 0000 0000
0000 0000 0000 0000 0000 0000 0000 0000
0000 0000 0000 0000 0000 0000 0000 0000
0000 0000 0000 0000 0000 0000 0000 0000
1122 1060 1600 0000 1240 6479 6c64 5f73
7475 625f 6269 6e64 6572 0051 7200 9000
7210 1140 5f66 616e 6e5f 6372 6561 7465
5f73 7461 6e64 6172 6400 9000 7218 1140
5f66 616e 6e5f 6465 7374 726f 7900 9000
7220 1140 5f66 616e 6e5f 6465 7374 726f
795f 7472 6169 6e00 9000 7228 1140 5f66
616e 6e5f 6765 745f 4d53 4500 9000 7230
1140 5f66 616e 6e5f 696e 6974 5f77 6569
6768 7473 0090 0072 3811 405f 6661 6e6e
5f6c 656e 6774 685f 7472 6169 6e5f 6461
7461 0090 0072 4011 405f 6661 6e6e 5f72
6561 645f 7472 6169 6e5f 6672 6f6d 5f66
696c 6500 9000 7248 1140 5f66 616e 6e5f
7275 6e00 9000 7250 1140 5f66 616e 6e5f
7361 7665 0090 0072 5811 405f 6661 6e6e
5f73 6176 655f 746f 5f66 6978 6564 0090
0072 6011 405f 6661 6e6e 5f73 6176 655f
7472 6169 6e5f 746f 5f66 6978 6564 0090
0072 6811 405f 6661 6e6e 5f73 6574 5f61
6374 6976 6174 696f 6e5f 6675 6e63 7469
6f6e 5f68 6964 6465 6e00 9000 7270 1140
5f66 616e 6e5f 7365 745f 6163 7469 7661
7469 6f6e 5f66 756e 6374 696f 6e5f 6f75
7470 7574 0090 0072 7811 405f 6661 6e6e
5f73 6574 5f61 6374 6976 6174 696f 6e5f
7374 6565 706e 6573 735f 6869 6464 656e
0090 0072 8001 1140 5f66 616e 6e5f 7365
745f 6163 7469 7661 7469 6f6e 5f73 7465
6570 6e65 7373 5f6f 7574 7075 7400 9000
7288 0111 405f 6661 6e6e 5f73 6574 5f62
6974 5f66 6169 6c5f 6c69 6d69 7400 9000
7290 0111 405f 6661 6e6e 5f73 6574 5f74
7261 696e 5f73 746f 705f 6675 6e63 7469
6f6e 0090 0072 9801 1140 5f66 616e 6e5f
7365 745f 7472 6169 6e69 6e67 5f61 6c67
6f72 6974 686d 0090 0072 a001 1140 5f66
616e 6e5f 7465 7374 5f64 6174 6100 9000
72a8 0111 405f 6661 6e6e 5f74 7261 696e
5f6f 6e5f 6461 7461 0090 0072 b001 1240
5f70 7269 6e74 6600 9000 72b8 0112 405f
7075 7473 0090 0000 0001 5f00 0500 035f
6d68 5f65 7865 6375 7465 5f68 6561 6465
7200 3074 6573 745f 6361 6c6c 6261 636b
0034 6d61 696e 0039 0200 0000 0300 b015
0003 00f0 1500 0000 b015 4000 0000 0000
0200 0000 0f01 1000 0000 0000 0100 0000
1600 0000 0f01 0000 f00a 0000 0100 0000
1c00 0000 0f01 0000 b00a 0000 0100 0000
2b00 0000 0100 0001 0000 0000 0000 0000
4100 0000 0100 0001 0000 0000 0000 0000
4f00 0000 0100 0001 0000 0000 0000 0000
6300 0000 0100 0001 0000 0000 0000 0000
7100 0000 0100 0001 0000 0000 0000 0000
8400 0000 0100 0001 0000 0000 0000 0000
9c00 0000 0100 0001 0000 0000 0000 0000
b700 0000 0100 0001 0000 0000 0000 0000
c100 0000 0100 0001 0000 0000 0000 0000
cc00 0000 0100 0001 0000 0000 0000 0000
e000 0000 0100 0001 0000 0000 0000 0000
fa00 0000 0100 0001 0000 0000 0000 0000
1f01 0000 0100 0001 0000 0000 0000 0000
4401 0000 0100 0001 0000 0000 0000 0000
6a01 0000 0100 0001 0000 0000 0000 0000
9001 0000 0100 0001 0000 0000 0000 0000
a901 0000 0100 0001 0000 0000 0000 0000
c701 0000 0100 0001 0000 0000 0000 0000
e401 0000 0100 0001 0000 0000 0000 0000
f401 0000 0100 0001 0000 0000 0000 0000
0802 0000 0100 0002 0000 0000 0000 0000
1002 0000 0100 0002 0000 0000 0000 0000
1602 0000 0100 0002 0000 0000 0000 0000
0300 0000 0400 0000 0500 0000 0600 0000
0700 0000 0800 0000 0900 0000 0a00 0000
0b00 0000 0c00 0000 0d00 0000 0e00 0000
0f00 0000 1000 0000 1100 0000 1200 0000
1300 0000 1400 0000 1500 0000 1600 0000
1700 0000 1800 0000 1900 0000 0000 0040
0300 0000 0400 0000 0500 0000 0600 0000
0700 0000 0800 0000 0900 0000 0a00 0000
0b00 0000 0c00 0000 0d00 0000 0e00 0000
0f00 0000 1000 0000 1100 0000 1200 0000
1300 0000 1400 0000 1500 0000 1600 0000
1700 0000 1800 0000 2000 5f5f 6d68 5f65
7865 6375 7465 5f68 6561 6465 7200 5f6d
6169 6e00 5f74 6573 745f 6361 6c6c 6261
636b 005f 6661 6e6e 5f63 7265 6174 655f
7374 616e 6461 7264 005f 6661 6e6e 5f64
6573 7472 6f79 005f 6661 6e6e 5f64 6573
7472 6f79 5f74 7261 696e 005f 6661 6e6e
5f67 6574 5f4d 5345 005f 6661 6e6e 5f69
6e69 745f 7765 6967 6874 7300 5f66 616e
6e5f 6c65 6e67 7468 5f74 7261 696e 5f64
6174 6100 5f66 616e 6e5f 7265 6164 5f74
7261 696e 5f66 726f 6d5f 6669 6c65 005f
6661 6e6e 5f72 756e 005f 6661 6e6e 5f73
6176 6500 5f66 616e 6e5f 7361 7665 5f74
6f5f 6669 7865 6400 5f66 616e 6e5f 7361
7665 5f74 7261 696e 5f74 6f5f 6669 7865
6400 5f66 616e 6e5f 7365 745f 6163 7469
7661 7469 6f6e 5f66 756e 6374 696f 6e5f
6869 6464 656e 005f 6661 6e6e 5f73 6574
5f61 6374 6976 6174 696f 6e5f 6675 6e63
7469 6f6e 5f6f 7574 7075 7400 5f66 616e
6e5f 7365 745f 6163 7469 7661 7469 6f6e
5f73 7465 6570 6e65 7373 5f68 6964 6465
6e00 5f66 616e 6e5f 7365 745f 6163 7469
7661 7469 6f6e 5f73 7465 6570 6e65 7373
5f6f 7574 7075 7400 5f66 616e 6e5f 7365
745f 6269 745f 6661 696c 5f6c 696d 6974
005f 6661 6e6e 5f73 6574 5f74 7261 696e
5f73 746f 705f 6675 6e63 7469 6f6e 005f
6661 6e6e 5f73 6574 5f74 7261 696e 696e
675f 616c 676f 7269 7468 6d00 5f66 616e
6e5f 7465 7374 5f64 6174 6100 5f66 616e
6e5f 7472 6169 6e5f 6f6e 5f64 6174 6100
5f70 7269 6e74 6600 5f70 7574 7300 6479
6c64 5f73 7475 625f 6269 6e64 6572 0000
